1
10
100
1000
1001
1002
1003
1004
1005
1006
1007
1008
1009
101
1012
1014
1015
1017
1018
1019
102
1020
1022
1023
1024
1025
1026
1028
1029
1030
1031
1032
1033
1036
1037
1038
1039
104
1040
1041
1043
1046
1047
1048
1049
1050
1051
1053
1054
1055
1056
1057
1058
1059
106
1060
1061
1063
1064
1065
1066
1068
1069
107
1070
1072
1073
1074
1076
1077
1078
108
1080
1081
1083
1084
1085
1086
1087
1089
109
1090
1091
1092
1094
1095
1097
1098
1099
11
110
1100
1101
1102
1103
1104
1105
1106
1107
1108
1109
111
1110
1111
1112
1113
1114
1115
1118
1119
112
1120
1121
1124
1125
1126
1127
1128
1129
1130
1132
1133
1134
1136
1137
1138
1139
114
1140
1141
1142
1144
1145
1146
1147
1148
1149
115
1151
1152
1153
1154
1156
1157
1158
116
1160
1161
1162
1163
1164
1165
1166
1167
1168
1169
1170
1171
1172
1173
1174
1175
1178
1179
118
1180
1181
1182
1183
1184
1185
1186
1187
1188
1189
119
1190
1191
1192
1193
1195
1196
1197
1198
1199
12
120
1200
1201
1202
1203
1204
1207
1208
121
1210
1211
1212
1213
1214
1215
1216
1217
1218
122
1220
1221
1223
1224
1225
1226
1228
1229
123
1230
1231
1232
1233
1234
1235
1236
1237
1239
124
1240
1242
1244
1245
1246
1247
1248
1249
125
1251
1252
1253
1254
1255
1256
1258
1259
126
1260
1263
1265
1267
1268
1269
1270
1271
1272
1273
1274
1275
1276
1277
1278
1279
128
1281
1282
1283
1284
1285
1288
1289
129
1290
1291
1292
1293
1294
1296
1297
1298
130
1300
1301
1302
1303
1304
1305
1306
1307
1308
131
1310
1311
1312
1314
1315
1316
1317
1318
1319
132
1320
1321
1322
1323
1324
1325
1326
1327
1328
1329
1330
1331
1333
1334
1335
1337
1338
1339
134
1340
1341
1342
1344
1345
1346
1347
1348
1349
135
1350
1351
1352
1353
1354
1355
1356
1357
1358
1359
1360
1361
1364
1365
1367
1368
137
1370
1371
1372
1373
1374
1375
1377
1378
1379
138
1380
1381
1382
1383
1385
1386
1387
1389
139
1390
1391
1393
1395
1396
1397
1398
1399
14
140
1400
1401
1402
1403
1404
1405
1406
1407
1408
1409
141
1410
1411
1412
1415
1416
1419
142
1420
1421
1422
1423
1424
1425
1428
1429
143
1430
1432
1433
1434
1437
1438
1439
144
1440
1441
1442
1443
1444
1448
1449
145
1450
1451
1452
1453
1455
1456
1457
1458
146
1461
1463
1467
1468
1469
147
1470
1471
1473
1474
1475
1476
1477
1478
1479
1480
1483
1484
1485
1487
1488
1489
149
1490
1491
1493
1495
1496
1497
1499
15
150
1500
151
153
155
156
158
159
16
160
161
162
163
164
167
168
17
170
171
173
175
176
177
178
179
18
180
181
182
183
184
185
186
187
189
190
191
192
193
195
196
197
198
199
2
20
201
202
203
204
205
206
207
208
209
21
211
213
215
216
217
218
22
220
221
222
223
224
225
226
228
229
23
230
231
233
234
235
236
237
238
241
242
243
244
245
246
247
248
249
25
250
251
252
253
254
255
256
257
259
26
260
261
264
265
266
267
269
27
270
271
273
275
276
277
279
28
280
281
282
283
284
285
287
288
289
29
290
291
292
293
295
297
299
3
30
300
301
302
303
304
305
306
307
308
309
31
311
313
314
317
318
319
32
321
322
323
324
325
328
33
330
331
332
333
336
337
338
339
34
341
342
343
344
345
346
347
348
35
350
351
352
353
354
356
357
358
360
361
362
363
364
365
367
369
37
370
372
373
374
375
377
378
379
38
380
381
382
383
384
385
387
388
389
39
390
391
392
393
394
395
396
398
4
401
402
405
407
408
409
41
410
411
412
413
415
417
418
419
420
421
423
424
425
427
428
429
43
430
431
433
434
435
436
438
439
440
441
445
446
447
448
449
45
450
451
452
453
455
456
458
46
460
461
462
463
464
465
468
469
47
470
471
472
473
474
475
476
477
478
479
48
480
481
482
483
485
486
487
489
49
490
491
492
493
494
495
496
497
498
50
500
501
502
503
504
506
507
508
509
51
510
513
514
515
516
517
518
519
52
520
522
523
524
525
526
527
528
53
531
532
533
534
535
536
537
538
539
54
540
541
542
543
544
545
546
548
549
550
551
553
555
556
558
56
560
561
564
565
566
567
569
571
573
574
576
577
578
579
58
581
584
585
586
587
588
59
590
591
592
594
595
596
597
598
599
602
604
606
608
609
61
611
612
613
615
616
617
618
619
62
620
621
622
623
624
625
626
627
628
629
63
632
633
634
637
638
639
64
640
641
642
643
644
645
646
647
648
649
65
650
651
652
653
657
658
659
66
660
661
662
663
664
665
666
667
668
669
67
670
671
672
674
676
677
678
680
681
682
683
684
685
687
688
689
69
690
692
694
695
696
697
698
7
701
702
703
704
706
707
708
709
711
712
713
714
716
717
718
719
72
720
721
722
723
725
726
727
728
729
73
730
731
732
734
735
736
738
739
741
742
743
744
745
746
747
749
750
751
753
754
755
757
758
759
76
760
761
762
763
764
765
768
769
77
771
772
773
774
775
776
777
778
779
78
780
781
782
783
784
785
787
788
789
790
791
792
793
794
795
797
798
8
80
800
802
803
804
805
806
807
808
809
81
810
811
812
813
814
815
816
817
819
82
821
822
823
825
826
828
829
83
830
831
832
833
834
835
836
837
838
84
840
841
843
844
845
847
848
849
85
850
851
852
853
854
855
857
858
859
86
860
861
863
864
865
866
868
869
87
870
871
875
877
878
879
88
880
881
884
885
886
887
888
889
89
890
891
892
893
894
895
896
897
899
9
90
901
902
905
906
908
909
91
910
911
912
913
914
916
918
919
92
920
923
924
925
926
927
928
929
93
930
931
932
933
934
935
937
938
939
94
940
942
943
944
945
946
947
948
949
95
950
951
953
954
955
956
957
958
959
96
960
961
962
963
965
966
967
968
969
970
971
972
973
974
975
976
977
978
979
98
980
981
982
983
984
985
986
987
988
989
99
990
991
992
993
994
996
997
999
